100 = {24,96,14,33,93,84,79,20,30,57,98,10,79,56,32,82,92,79,48,3,26,10,33,92,93,48,11,82,18,89,30,63,4,64,100,3,71,41,81,95,72,4,68,46,66,10,47,68,16,75,29,47,44,53,19,75,48,1,1,21,3,87,63,88,50,22,47,88,51,36,96,70,86,55,36,95,22,98,2,28,46,74,51,58,25,80,30,27,14,65,41,45,84,3,62,34,70,72,18,15}

200 = {111,83,97,185,40,57,131,64,158,115,182,86,88,72,130,138,180,99,111,190,183,77,118,184,103,181,187,150,63,35,170,189,19,185,183,59,37,139,50,142,127,121,139,28,2,162,3,180,22,91,171,13,35,153,48,54,160,3,160,54,65,115,198,117,198,159,20,34,58,59,145,158,194,185,185,64,79,76,69,59,133,65,130,46,164,6,118,66,14,48,144,41,187,184,71,148,114,173,151,94,145,160,15,168,190,180,6,28,55,197,64,182,135,10,75,55,162,190,191,116,75,187,85,7,195,88,6,156,181,109,168,23,72,139,125,172,165,10,100,79,33,69,20,13,69,25,102,42,188,14,27,116,165,133,38,112,66,131,19,156,136,148,143,101,16,20,130,58,53,194,147,80,159,158,34,127,167,148,188,69,108,81,82,90,101,37,35,116,176,106,148,52,99,85,189,112,161,114,150,58}

300 = {203,227,6,197,136,233,175,204,63,9,41,220,184,17,19,284,119,185,3,220,5,259,249,185,270,215,103,49,222,61,60,94,72,224,6,243,162,297,191,55,174,16,98,93,256,82,94,139,81,61,294,3,211,8,293,67,115,106,205,224,207,160,104,261,32,24,95,33,263,121,264,210,178,117,111,156,285,122,61,9,265,112,103,242,102,153,231,2,116,202,142,13,23,214,45,96,71,28,93,295,244,182,96,55,50,147,295,153,165,224,281,38,225,3,297,88,8,160,71,126,298,184,26,236,136,14,230,242,176,296,116,172,65,159,235,68,68,135,126,112,270,185,189,238,83,285,172,247,282,58,1,103,57,292,34,61,299,29,151,10,173,275,209,158,238,109,207,135,178,96,112,209,29,40,70,122,235,39,221,166,164,94,118,65,125,221,201,4,52,163,217,178,156,138,111,196,95,28,282,35,166,75,186,236,226,134,250,296,43,65,195,81,277,81,165,109,238,92,123,101,87,231,7,121,58,84,255,10,187,151,75,248,114,36,207,133,29,151,135,269,242,222,142,240,134,78,162,61,63,284,293,101,284,154,85,147,247,234,168,140,120,191,79,18,146,202,99,193,261,14,209,18,299,127,38,207,100,283,10,286,45,130,230,198,106,227,255,296,259,232,42,142,184,263,133,189,224,253,247,50}

400 = {110,376,100,55,237,43,382,108,157,299,128,373,71,158,196,385,77,125,81,202,1,342,319,91,148,207,57,158,210,140,387,10,44,354,174,174,165,125,26,135,306,239,188,56,28,74,64,170,8,208,273,161,232,249,182,162,211,37,335,66,323,66,289,305,318,96,221,167,295,163,24,253,261,345,87,319,20,365,233,16,10,347,233,254,349,373,356,8,20,117,360,78,91,19,62,392,363,106,233,282,9,294,31,86,366,33,200,98,295,78,180,203,237,165,274,266,119,97,303,86,31,6,107,155,195,183,82,265,125,231,377,144,229,254,328,122,85,206,7,41,301,199,284,4,328,312,84,396,110,278,351,179,380,354,65,31,49,342,118,379,235,48,294,320,369,51,250,210,130,154,398,141,382,14,71,322,3,250,22,284,123,45,381,168,387,191,290,324,63,88,130,151,268,381,232,226,279,60,158,261,61,155,66,37,18,12,29,317,261,100,257,82,20,188,65,60,188,38,181,161,84,308,397,388,218,310,278,286,142,131,235,348,254,202,318,10,385,57,103,349,56,333,300,391,2,75,98,391,367,335,146,47,119,67,96,298,60,99,296,173,269,46,58,302,269,15,328,322,228,109,61,171,355,175,64,386,397,308,136,225,388,274,99,197,146,397,322,114,154,299,391,167,142,390,290,51,146,194,280,311,385,367,230,398,238,304,276,188,270,189,189,355,4,167,125,107,172,330,364,162,204,216,171,194,72,355,124,51,342,394,199,161,33,104,90,271,305,218,97,27,379,96,327,68,309,213,91,282,237,274,166,37,266,208,155,360,3,333,272,55,95,192,253,135,77,224,19,261,101,35,334,217,254,371,238,76,17,197,195,72,13,332,231,352,381,252,368,80,279,219,5,374,327,317,113,336,155,335,278,232}

500 = {319,346,427,111,442,78,471,171,23,38,262,92,367,379,70,311,293,392,75,453,97,182,228,173,467,273,448,326,99,64,340,74,194,209,87,47,261,386,271,309,265,187,68,124,151,494,147,95,248,399,261,130,444,431,131,468,247,499,500,288,484,213,465,380,81,471,169,94,294,263,81,486,113,150,21,97,170,163,295,9,88,206,263,13,348,234,313,406,381,400,107,17,447,133,450,199,492,21,430,3,207,129,420,103,327,230,292,454,88,427,195,204,48,30,127,358,357,65,340,351,5,294,341,115,186,463,67,300,422,404,469,70,234,479,101,451,419,157,194,147,365,26,283,492,312,436,302,269,119,369,500,328,239,50,253,457,228,277,451,74,49,477,56,208,206,279,155,55,313,241,214,12,330,436,54,418,84,383,383,163,418,398,375,288,383,156,231,232,164,221,423,377,496,259,139,300,286,459,443,61,221,182,445,90,141,405,492,148,212,178,367,463,299,299,66,380,453,24,109,439,224,144,398,261,139,384,271,78,472,456,313,84,232,302,423,72,23,112,374,281,28,16,397,209,440,30,168,178,449,382,88,390,163,362,281,135,34,74,412,354,91,478,172,161,452,4,287,158,69,314,500,142,80,178,19,182,355,13,366,420,284,77,51,174,105,231,268,174,221,435,197,217,71,432,148,494,170,79,85,325,165,199,193,453,132,332,421,9,350,445,71,270,156,346,212,458,6,74,274,447,421,464,367,30,172,500,431,246,391,440,310,432,69,227,302,129,164,266,432,130,139,454,445,122,375,277,267,222,154,452,311,412,336,240,105,6,486,96,230,205,101,387,290,311,135,326,162,478,337,388,56,494,460,476,248,230,303,346,17,222,169,198,148,31,119,233,468,400,169,105,284,160,470,36,297,143,249,428,206,273,293,457,168,396,423,146,193,78,486,345,402,27,39,341,273,388,407,225,420,280,14,415,82,22,148,426,473,419,430,200,86,481,393,86,53,408,431,373,52,308,379,25,37,52,13,188,1,298,282,462,296,490,107,454,411,167,469,147,141,175,261,83,477,194,446,80,134,183,291,265,120,262,225,151,410,185,9,278,173,201,278,233,144,455,369,313,41,363,16,477,223,224,428,217,79,5,206,252,12,416}

600 = {21,67,428,110,82,235,553,361,494,88,77,158,544,395,299,336,51,218,159,22,130,71,535,117,175,415,353,85,469,209,565,553,204,469,364,259,253,320,81,535,424,213,358,262,402,589,227,390,362,43,371,208,134,537,423,411,386,231,471,167,129,222,326,244,558,175,389,587,461,353,411,446,382,459,443,412,554,254,222,559,121,599,532,58,331,476,413,365,469,437,36,59,503,509,222,110,163,496,152,569,241,551,375,389,473,442,211,64,584,158,543,372,478,431,2,4,415,127,545,524,114,560,25,225,550,575,568,343,403,73,331,394,144,578,581,462,337,435,167,459,531,108,587,315,51,403,277,94,267,339,468,169,575,417,509,146,424,531,217,430,534,466,200,567,347,65,318,424,581,70,45,283,157,520,468,582,398,506,110,224,455,400,173,506,517,519,384,252,323,498,171,165,179,194,527,144,378,357,321,435,287,466,343,10,4,484,409,291,176,189,348,43,435,437,268,49,268,563,411,457,536,235,109,300,68,233,207,61,317,501,199,87,101,168,149,558,337,429,378,300,248,387,103,341,311,355,2,68,195,109,445,519,471,575,56,89,327,184,232,38,99,154,407,204,112,311,317,65,75,294,87,159,48,333,80,599,546,161,438,341,436,68,502,184,591,94,378,485,293,439,554,476,309,548,81,211,272,56,25,345,124,157,561,190,574,11,310,474,454,375,80,539,565,480,159,242,210,239,589,72,134,477,86,325,324,250,365,394,341,186,217,336,506,434,536,8,467,564,290,108,401,423,313,365,391,107,255,271,526,67,217,2,425,339,203,187,534,508,116,242,446,574,195,485,366,486,58,365,535,560,506,327,572,567,368,293,594,66,590,158,564,305,293,492,407,121,409,140,587,507,469,244,252,452,489,24,368,280,353,109,154,425,312,233,542,479,517,458,190,336,61,511,228,26,569,220,561,573,137,250,317,407,504,550,528,75,26,65,296,490,492,288,308,172,51,252,537,576,312,428,498,250,123,218,14,205,501,572,437,378,410,564,474,7,478,378,376,355,295,39,486,129,356,182,44,244,500,287,403,410,386,171,208,267,128,183,233,395,162,290,283,166,284,9,100,316,62,446,372,230,175,293,161,488,304,439,19,166,290,89,37,508,10,519,310,433,188,190,87,156,567,88,293,66,175,131,585,182,336,36,358,258,546,184,66,92,440,267,289,397,53,596,295,438,41,441,269,388,480,143,294,351,308,245,57,357,60,521,41,124,325,531,348,359,144,489,529,16,148,146,214,111,214,191,513,378,342,231,149,198,371,26,95,188,25,568,369,80,210,523,270,574,500,442,127,374,538,400,534,466,589,452,490,12,524,242,482,142,289,354}

700 = {135,413,314,358,144,98,385,10,176,82,700,699,41,692,93,145,308,340,598,286,56,516,366,284,691,556,588,109,175,390,94,575,238,2,225,540,69,610,274,601,265,233,580,319,195,241,89,389,102,162,418,146,554,181,179,26,571,25,361,204,47,193,534,367,584,315,90,561,625,447,668,303,11,506,241,59,671,180,270,590,178,108,356,670,243,436,363,419,588,629,275,48,248,411,415,560,609,340,679,578,305,253,125,165,657,502,370,144,548,567,130,533,541,355,681,13,380,540,171,304,302,638,103,553,503,133,471,415,356,173,491,681,461,269,387,491,384,532,657,206,194,354,372,222,402,521,358,334,576,577,68,312,316,174,279,466,291,538,17,680,173,491,658,330,100,594,640,405,647,656,185,77,303,15,588,449,18,504,17,362,68,532,501,293,139,597,109,572,686,302,149,223,53,277,480,191,655,224,494,214,11,74,142,92,93,628,50,390,80,648,559,465,384,380,65,49,322,517,391,191,149,498,679,496,292,668,185,30,513,116,200,184,580,535,412,525,336,24,510,273,225,171,445,379,575,657,406,438,190,52,95,283,534,656,571,238,697,235,269,253,223,689,694,229,297,562,275,50,201,4,204,17,261,407,238,40,150,664,219,566,638,466,251,171,385,171,1,510,245,402,96,366,88,255,663,50,515,660,152,80,540,86,152,291,471,600,465,191,340,127,680,198,107,669,325,689,102,564,661,360,223,201,90,77,37,90,141,438,657,76,385,563,468,128,354,583,43,268,220,245,470,169,281,545,9,247,616,635,143,685,27,284,560,77,548,36,454,195,543,267,492,302,623,682,522,242,94,205,611,649,394,382,319,407,430,281,131,499,384,146,27,113,592,470,88,617,156,126,382,337,337,331,527,610,346,563,29,571,569,484,344,18,47,454,560,151,683,356,434,70,425,562,556,652,326,57,214,189,143,430,154,673,471,380,307,549,399,92,174,683,461,170,521,32,567,249,220,576,580,279,217,679,667,490,363,639,118,203,590,106,130,573,425,690,306,380,24,246,56,534,232,178,499,197,528,258,678,191,52,50,41,214,525,558,170,312,67,501,9,486,169,555,571,247,380,304,56,519,437,105,263,117,372,49,564,454,625,276,600,639,432,434,238,505,605,487,58,342,348,130,681,271,519,640,224,480,54,691,582,507,682,279,659,676,213,51,82,349,545,74,689,226,527,687,624,487,446,255,191,133,640,111,440,277,539,6,172,439,244,524,628,534,505,627,451,49,572,632,263,77,496,657,261,584,94,594,65,682,247,361,89,441,37,623,69,442,610,144,102,457,670,302,587,182,387,189,213,206,621,305,634,320,461,504,604,217,216,101,479,428,645,486,676,122,455,42,335,88,584,590,64,143,675,385,133,385,23,249,84,428,687,240,534,444,292,471,435,232,598,418,132,554,652,585,41,371,67,105,420,596,352,325,677,266,59,598,24,596,674,4,300,591,23,640,689,170,491,463,136,671,435,249,606,403,19,626,170,221,473,175,491,594,414,572,689,309,347,56,167,354,15,61,97,547,172,30,538,6,156,395,189,280,648,256,531,545,507,589,480,173}

800 = {604,154,614,767,74,755,10,474,639,645,194,624,705,717,476,197,730,254,376,684,638,236,166,319,141,515,15,19,251,93,378,363,78,147,8,396,71,403,130,529,549,372,340,159,710,198,441,508,80,13,153,156,719,80,144,636,96,236,529,307,45,143,139,101,25,706,138,186,703,710,449,750,182,354,359,427,536,315,640,628,419,294,446,450,639,538,7,437,673,778,632,35,143,433,138,437,709,206,436,370,472,594,369,763,793,344,420,346,572,181,409,117,58,16,782,71,340,499,274,144,729,386,76,715,201,460,447,513,26,448,460,93,699,450,569,256,312,318,17,789,605,507,556,135,446,692,785,337,55,227,249,311,527,735,501,244,259,328,83,371,576,320,700,481,592,444,674,547,601,475,376,740,98,86,674,370,535,57,176,586,335,625,676,624,333,519,316,196,644,12,108,17,30,469,172,712,446,584,50,589,261,407,449,336,306,14,226,414,749,104,466,601,454,38,316,37,249,322,552,132,437,129,661,293,62,135,418,313,111,752,179,102,227,796,82,191,470,362,661,723,744,648,31,581,66,586,169,733,412,57,737,61,638,238,659,534,646,479,712,155,585,569,653,502,509,80,85,475,182,274,33,218,15,98,639,344,684,292,81,128,766,692,560,437,167,636,400,780,31,453,421,632,789,334,39,774,313,123,594,266,90,271,112,217,428,286,91,89,204,124,446,406,519,250,572,470,664,498,723,399,464,737,674,215,699,180,553,764,321,710,239,598,426,745,746,442,549,99,378,560,778,123,567,647,287,180,685,647,120,569,581,327,67,793,294,160,707,22,187,354,346,152,214,582,109,295,21,643,483,249,421,389,174,137,293,699,653,521,140,271,785,537,205,732,62,216,665,603,692,442,646,190,111,218,175,545,12,498,411,670,238,74,67,320,351,621,782,474,506,770,704,664,553,761,467,278,106,452,67,464,56,264,145,218,103,500,736,369,527,466,196,305,589,667,796,713,551,304,541,684,302,582,241,393,745,546,255,701,495,709,141,711,117,425,676,381,745,13,307,477,734,654,566,198,618,247,344,712,236,121,215,473,401,766,775,10,600,731,570,729,629,549,158,328,148,229,679,590,703,398,495,45,97,526,27,196,75,388,480,741,22,17,70,649,267,594,459,547,512,269,683,627,740,425,447,316,477,291,3,55,271,350,733,233,735,219,26,179,345,554,763,777,79,544,273,389,99,521,676,188,487,447,218,689,35,315,598,489,279,364,543,415,386,326,516,345,386,509,92,123,252,338,18,506,798,557,512,499,67,300,667,29,663,730,208,412,155,355,270,312,524,711,772,46,351,270,300,37,240,315,360,708,155,452,459,769,650,224,380,253,177,770,567,718,86,325,628,221,276,137,140,498,194,669,441,652,208,317,669,149,210,62,614,342,352,199,304,487,700,451,716,489,469,628,544,183,428,10,334,442,214,276,186,509,130,246,678,737,635,27,704,466,559,781,350,601,337,708,489,562,28,283,440,545,793,297,158,705,515,334,327,701,553,12,447,323,788,793,723,341,777,786,412,258,305,113,505,725,183,98,284,716,370,211,681,523,228,522,762,274,289,763,518,621,276,378,387,266,479,366,297,464,386,231,761,142,350,306,30,690,762,746,787,380,613,592,614,593,93,606,475,436,16,793,595,626,513,326,334,348,269,766,527,443,782,229,416,255,287,247,54,632,546,483,21,105,799,765,55,90,77,143,105,13,310,335,695,435,118,503,745,128,676,465,558,476,20,401,600,443,92,328,552,624,214,502,107,125,422,736,4,14,604,482,493,647,508,102,729,570}

900 = {579,523,274,567,533,766,193,582,190,811,392,337,211,735,808,157,152,150,146,595,50,449,159,514,262,423,792,544,713,197,164,388,212,62,416,602,18,91,475,574,443,707,200,826,747,83,716,895,339,336,589,46,583,581,275,699,277,11,657,805,746,757,267,47,774,133,461,819,845,892,392,513,699,121,499,210,83,569,254,322,71,321,229,98,631,49,807,70,4,304,277,846,83,152,536,167,31,375,312,617,570,325,429,307,99,660,691,750,531,750,408,65,857,706,716,360,685,334,270,472,711,291,778,455,25,13,174,692,532,588,128,753,291,595,732,95,238,860,554,90,213,793,31,21,729,122,149,732,113,395,280,13,189,591,798,571,11,844,749,774,456,733,615,67,674,649,786,126,137,522,822,665,418,146,12,727,706,797,608,630,24,600,685,140,855,880,627,220,322,301,465,164,269,68,728,718,199,312,272,716,372,669,274,461,417,566,165,616,337,784,421,90,730,433,97,407,380,134,236,148,810,845,422,852,195,512,171,88,519,690,168,817,46,357,237,616,479,388,544,567,357,297,300,503,886,419,432,800,161,354,876,88,570,451,852,228,583,210,296,307,689,129,220,185,883,603,825,723,123,828,496,255,359,83,273,78,357,197,898,108,285,304,785,392,71,508,423,457,473,336,339,364,278,792,407,443,232,782,361,94,235,11,136,159,262,143,584,179,10,448,775,459,597,174,746,232,88,579,863,703,460,93,285,31,758,116,537,788,801,266,657,460,211,740,678,664,807,315,589,622,490,434,72,816,165,850,491,300,70,40,5,565,364,645,864,68,144,52,653,484,554,223,101,575,124,231,337,790,893,390,65,575,581,93,95,213,716,347,172,107,876,411,743,285,499,85,693,587,157,892,629,867,809,182,569,709,682,177,389,525,77,892,66,193,274,277,753,652,299,442,117,850,567,693,239,169,30,632,36,519,124,777,40,273,681,198,349,119,36,648,178,129,739,706,65,254,402,12,187,238,521,369,542,49,619,761,19,594,584,535,274,849,582,725,458,377,304,856,645,685,247,631,716,297,350,511,651,884,304,840,167,415,47,630,776,508,607,139,377,776,143,736,301,685,575,631,255,225,839,402,178,735,410,515,143,731,803,779,458,500,160,145,699,895,896,249,729,783,783,660,735,163,415,541,663,83,886,768,699,359,869,110,50,156,502,342,67,829,553,15,508,633,92,521,18,25,17,617,694,785,644,367,387,110,329,149,687,87,71,490,63,368,166,184,314,850,235,863,328,100,841,114,400,777,526,246,727,559,46,14,116,311,690,552,620,406,409,289,612,396,431,24,577,235,100,619,503,507,364,106,798,615,166,800,685,634,398,272,760,651,674,152,85,145,461,847,789,579,198,580,200,596,238,514,46,218,689,507,731,672,849,44,850,56,221,362,129,201,385,625,84,326,653,572,643,791,171,1,284,593,633,842,122,153,403,13,602,843,113,368,800,73,160,496,786,301,286,479,247,258,203,819,131,412,824,73,612,837,879,870,488,112,73,320,570,628,347,516,442,8,809,350,889,593,874,891,208,271,500,495,235,405,775,137,33,372,555,151,630,226,347,720,689,872,603,585,480,396,166,435,164,543,672,598,861,770,606,671,218,550,392,446,241,698,265,580,386,476,565,662,852,56,43,69,535,12,831,873,272,623,59,123,34,316,219,148,594,658,381,854,850,398,349,365,57,872,215,522,754,158,103,559,13,241,149,840,278,509,388,48,418,23,2,479,143,537,826,198,383,566,598,139,202,574,680,279,263,424,466,854,897,395,873,589,667,50,414,801,367,375,462,735,502,265,444,211,654,476,392,678,4,358,895,435,540,476,220,377,551,166,641,105,443,595,202,393,181,271,164,437,748,390,34,317,856,241,177,744,661,783,706,775,717,313,484,761,395,302,262,841,829,630,134,589,853,437,574,506,271,347,299,739,502,705,376,511,800,159,264,777,555,536,283,206,562,801,318,317,295,157,53,218,690,636,409,625,181,407,466,192,537,672,227,712,541,478,879,655,730,683}

1000 = {741,635,645,818,302,838,261,1000,598,370,182,274,466,935,43,701,406,449,362,480,137,875,828,820,474,831,239,270,739,297,746,970,557,405,8,538,309,558,640,648,85,49,460,641,742,912,610,146,36,83,456,975,450,12,411,721,912,290,496,112,106,441,348,2,643,256,466,803,26,403,876,45,524,417,164,529,730,521,979,471,700,65,89,779,893,343,126,408,441,275,312,409,565,476,382,590,911,107,149,188,470,677,857,560,234,28,686,117,790,872,167,52,693,538,183,555,291,586,846,225,382,482,254,809,597,850,998,541,735,629,999,517,39,980,670,817,535,953,305,987,59,215,926,824,167,400,8,912,779,527,642,843,982,823,313,367,761,75,550,384,349,176,617,183,375,512,140,463,907,944,959,667,288,861,511,211,739,994,725,97,37,244,396,655,721,426,299,780,161,263,428,207,984,851,187,522,966,305,131,938,991,738,862,22,933,953,148,199,719,648,846,535,826,723,418,844,935,99,442,847,981,591,224,120,265,670,317,509,307,223,475,939,122,517,191,92,603,469,99,257,582,602,234,986,449,475,526,155,193,403,22,617,414,833,804,494,743,633,431,993,742,731,203,418,565,682,170,324,912,752,61,420,957,80,643,921,754,148,806,52,454,576,745,170,267,134,534,951,434,724,72,534,391,123,925,422,510,313,910,807,23,442,2,206,942,58,711,916,134,686,546,790,142,843,666,833,588,167,216,444,746,839,441,258,223,529,911,184,847,11,181,268,173,547,393,159,560,424,895,725,827,633,308,650,842,109,424,38,42,738,456,412,16,858,786,240,677,907,474,495,624,286,797,612,916,371,444,384,227,282,539,969,852,133,154,703,65,28,84,91,532,185,63,320,811,645,315,726,345,283,662,708,47,636,231,847,811,586,97,241,824,952,875,451,766,394,582,277,20,938,294,237,578,514,348,655,556,745,516,533,60,583,259,127,558,3,843,156,35,464,265,577,158,739,254,609,443,224,894,726,305,389,54,367,477,959,897,698,673,148,532,188,965,497,16,151,989,549,808,363,770,805,132,336,198,625,78,523,834,263,363,424,522,151,19,238,68,959,724,217,212,135,396,860,52,848,958,133,866,416,960,469,514,313,154,416,374,812,705,914,435,983,996,771,126,439,431,557,271,178,654,539,917,595,724,588,553,523,846,520,879,662,481,578,611,989,451,271,744,714,312,678,751,689,539,192,38,220,416,362,551,951,943,248,994,934,20,357,549,244,941,712,179,94,444,737,644,663,182,613,364,733,195,350,669,283,6,366,873,376,455,405,146,912,887,954,277,546,372,254,432,98,710,207,311,200,737,331,45,536,780,715,680,947,537,107,318,503,614,303,871,538,916,311,915,524,982,518,830,198,523,8,600,469,424,219,514,988,440,223,22,105,109,568,534,654,108,764,904,915,851,960,273,250,518,576,951,851,763,135,107,713,803,59,303,341,18,988,956,842,912,614,632,232,537,494,765,597,562,546,181,921,709,627,941,40,335,871,200,21,967,714,494,61,962,950,332,298,5,315,502,666,706,112,169,847,472,298,606,40,676,852,748,751,148,80,438,188,93,45,917,299,602,194,606,193,33,866,23,988,329,488,174,812,727,500,316,477,753,46,984,622,346,419,446,7,95,887,785,118,105,514,366,475,644,837,916,277,239,398,793,428,670,354,926,848,693,435,990,250,493,898,987,505,819,695,962,584,287,406,632,775,571,940,892,710,573,859,359,697,390,315,65,160,516,482,406,22,748,748,425,589,540,198,632,64,465,231,760,978,892,720,90,245,810,558,150,228,604,806,335,285,180,488,112,633,18,535,421,335,390,608,700,288,246,616,397,588,770,755,385,284,118,467,431,137,960,542,109,390,459,707,868,89,891,734,980,592,369,362,475,465,465,430,672,202,699,851,156,347,111,637,692,664,605,312,392,508,347,709,511,82,592,156,447,837,689,972,567,611,265,674,1000,77,711,431,972,787,722,85,477,366,448,882,545,877,568,710,332,92,116,978,414,794,964,465,719,545,94,531,9,868,834,136,357,284,214,770,848,99,877,830,855,813,629,909,656,284,120,69,611,147,299,749,722,612,502,274,29,606,284,683,56,137,12,739,65,413,182,784,556,258,226,320,714,608,853,540,282,771,949,663,214,71,280,760,809,226,872,710,879,930,17,267,238,260,166,197,108,7,945,913,665,449,570,344,174,120,210,703,990,899,943,714,820,18,330,153,437,851,544,461,471,343,943,372,626,676,474,547}